,Read Length,Mean Fragment Length,Fragment Length Std. Dev.,Read 2 Slope Normal Mean,Read 2 Slope Normal Std. Dev.
0,50,200,25,1152.7937722094132,57.62532760609865
1,50,200,50,1154.3296936761158,70.45833376522069
2,50,200,75,1155.263744921401,86.07227573883058
3,50,200,100,1161.492950425596,102.93916236580776
4,50,200,125,1168.4356319871304,121.48296718848556
5,50,200,150,1174.3491951401286,134.94868473814913
6,50,200,175,1184.9042882281278,151.69890675592703
7,50,250,25,1204.7033127085233,56.79377910032709
8,50,250,50,1202.981077166444,71.23422843665206
9,50,250,75,1205.3575132590554,87.8304348768328
10,50,250,100,1206.9545419757244,107.4886417635186
11,50,250,125,1212.4543644926825,129.99222745699691
12,50,250,150,1219.204792413961,144.25035938294874
13,50,250,175,1228.9501983529528,163.84018098539212
14,50,300,25,1254.395301631741,57.36754968087864
15,50,300,50,1255.2147194688325,68.56999957436672
16,50,300,75,1254.186075256537,89.6459259808644
17,50,300,100,1256.9041044625233,112.04017686889898
18,50,300,125,1260.7852523990953,129.23182036898584
19,50,300,150,1260.5474335614101,154.44643481601528
20,50,300,175,1266.3285880221874,165.73706241608468
21,50,350,25,1303.6164289779476,57.534489903532496
22,50,350,50,1304.7650992499325,69.16360817083066
23,50,350,75,1304.294698304722,88.0316896951623
24,50,350,100,1305.6203373151604,109.59941125037638
25,50,350,125,1310.2922253354066,130.19039110920133
26,50,350,150,1307.6740688080865,157.18844300426332
27,50,350,175,1315.477354006988,172.9802436004889
28,50,400,25,1354.26845608407,57.247032645132506
29,50,400,50,1354.755553480372,69.1243821383639
30,50,400,75,1355.0420300706412,86.76272275347392
31,50,400,100,1355.173469471032,111.4499803896558
32,50,400,125,1353.014629631064,133.74085228331742
33,50,400,150,1357.0339135205695,155.48505022707022
34,50,400,175,1363.3192875269933,174.3608246537497
35,50,450,25,1404.2560033440018,57.34174634421512
36,50,450,50,1403.3669293620915,70.3876889461018
37,50,450,75,1407.382267979797,90.02187103062437
38,50,450,100,1404.0389728138575,111.21171848283429
39,50,450,125,1407.0464174589624,130.61378160575657
40,50,450,150,1407.8266921793436,154.56801986110213
41,50,450,175,1410.9473785911573,177.33999645452798
42,50,500,25,1453.6043730088766,57.364546007408855
43,50,500,50,1454.7441100861884,70.21239548929213
44,50,500,75,1455.3937221354902,88.82041564752579
45,50,500,100,1459.1172963994684,109.38072168951315
46,50,500,125,1457.3063288377182,134.11141089314808
47,50,500,150,1456.7449686660946,161.74028664053512
48,50,500,175,1458.937188602892,173.98260960454274
49,100,200,25,1128.37354074696,62.41922476969992
50,100,200,50,1127.5329680314212,75.22706020175762
51,100,200,75,1132.7590591885894,90.57644828942068
52,100,200,100,1138.0399795715116,105.48660523788072
53,100,200,125,1146.1982505503074,119.0575744384438
54,100,200,150,1160.4564287715316,130.28771131827736
55,100,200,175,1170.6967624609385,141.83917951851546
56,100,250,25,1180.30494928381,61.367689217648326
57,100,250,50,1179.9144795710233,74.21799333930949
58,100,250,75,1181.8958231191887,89.1021490602154
59,100,250,100,1181.0925743985754,107.84966060399536
60,100,250,125,1188.7715026898416,126.45317887851856
61,100,250,150,1196.2109186056175,143.42938284639825
62,100,250,175,1210.936660589892,159.7478995812148
63,100,300,25,1228.1340105533775,62.010685508252536
64,100,300,50,1229.7163941371825,74.6833407030619
65,100,300,75,1230.8895316350574,94.28844516867063
66,100,300,100,1228.4926310551446,112.82898851246843
67,100,300,125,1234.5372562257326,133.3718210542611
68,100,300,150,1237.9100014775272,152.62509653542298
69,100,300,175,1250.449868904961,165.46381461339962
70,100,350,25,1278.752518415091,62.509441344445754
71,100,350,50,1279.466006014315,75.05568762433829
72,100,350,75,1281.93305664682,92.6857362322222
73,100,350,100,1280.7931962117934,112.55054953045848
74,100,350,125,1279.8256955956067,134.8863458861982
75,100,350,150,1286.4114514708356,151.49987887196838
76,100,350,175,1288.388333376367,173.23863947691018
77,100,400,25,1328.62712604623,62.18203436747153
78,100,400,50,1329.945754955643,75.1753460027467
79,100,400,75,1330.0686757559,91.89671122953226
80,100,400,100,1332.0377216952513,112.94019847054399
81,100,400,125,1332.7924070201966,133.64570349250582
82,100,400,150,1334.4990644350953,158.56046469005778
83,100,400,175,1340.9507390472565,180.38041248771415
84,100,450,25,1378.6306424181548,62.547226776952066
85,100,450,50,1377.6017118068798,75.58351777351318
86,100,450,75,1379.5009407127427,90.01295296279034
87,100,450,100,1380.8129396756103,112.3459849551658
88,100,450,125,1381.1448633578675,135.70877097931955
89,100,450,150,1381.0601467325212,160.0670087323947
90,100,450,175,1383.2770611843964,181.1144138353034
91,100,500,25,1427.5664459018897,62.64897271823775
92,100,500,50,1428.9718235679038,75.5222209658497
93,100,500,75,1433.3983784366778,91.3680607576085
94,100,500,100,1430.0715133988833,113.56089572834304
95,100,500,125,1433.1693909061735,135.05154987487742
96,100,500,150,1429.6815875802195,155.98097493871478
97,100,500,175,1436.3925421606675,178.32780253752563
98,150,200,25,1104.3582715102684,70.06684818920644
99,150,200,50,1105.1877372032268,79.53899669209999
100,150,200,75,1111.3970856361034,91.76757620035423
101,150,200,100,1122.4798183291118,101.31345283784121
102,150,200,125,1128.809892148377,113.81800662502351
103,150,200,150,1142.895381162082,125.03063429841637
104,150,200,175,1155.3976986690354,139.55963648622807
105,150,250,25,1153.248116207252,71.09438294662384
106,150,250,50,1155.2498665561486,81.81576365263281
107,150,250,75,1154.6457359752435,97.4655894154476
108,150,250,100,1162.969044277047,110.12046064852288
109,150,250,125,1168.3065638349824,126.0287554327938
110,150,250,150,1177.1529060133755,138.36206525328691
111,150,250,175,1190.4053046337638,150.0906245986669
112,150,300,25,1204.8476942069813,70.34635295111396
113,150,300,50,1203.6403427726539,82.00415178882348
114,150,300,75,1205.1307758846167,98.50641023725224
115,150,300,100,1207.546990644684,115.19615830683792
116,150,300,125,1212.1102419901833,133.0590418387941
117,150,300,150,1217.4704151897886,149.01046633463582
118,150,300,175,1231.8066751590875,165.12280850997772
119,150,350,25,1253.5918327267368,71.46676408476752
120,150,350,50,1254.1027135470972,81.15292467594058
121,150,350,75,1256.1769981446473,99.61037480169986
122,150,350,100,1256.3616844228966,117.25524974369544
123,150,350,125,1256.5775761666769,140.16082519761804
124,150,350,150,1260.6124180521874,154.24797300860638
125,150,350,175,1268.4042499745306,174.2244796428904
126,150,400,25,1303.1139436874064,71.01850745482969
127,150,400,50,1304.9856866261446,81.28466812145562
128,150,400,75,1305.9963573577236,97.90065871854992
129,150,400,100,1305.5674043643633,116.95118312453181
130,150,400,125,1306.7549410591682,141.23833131978716
131,150,400,150,1308.2245470952194,160.06044079587687
132,150,400,175,1311.0567087025333,182.33183502896634
133,150,450,25,1353.9447575057718,70.22287790121207
134,150,450,50,1354.797699939844,81.73512433115572
135,150,450,75,1357.7553879835775,98.28531788268192
136,150,450,100,1354.9030939785575,119.3443313435795
137,150,450,125,1355.169848519113,136.99954283009978
138,150,450,150,1359.5942182156066,162.9910179469191
139,150,450,175,1363.6896816140675,176.88217633364573
140,150,500,25,1404.8299751716088,69.98138490687955
141,150,500,50,1403.9777937654515,81.60037555800382
142,150,500,75,1404.186716791162,98.56530962270337
143,150,500,100,1404.823905642831,120.46870510819079
144,150,500,125,1406.962777869244,139.84445536040286
145,150,500,150,1404.5016916575885,163.66410576455763
146,150,500,175,1413.4711459060059,183.73307093724858
147,200,200,25,1084.2544704696124,79.2910594243599
148,200,200,50,1088.913667670636,83.79414342166952
149,200,200,75,1098.9889315212638,91.5133533650742
150,200,200,100,1107.1661261418885,101.78477858257556
151,200,200,125,1117.8092959128767,111.96033547688549
152,200,200,150,1133.0190157963368,121.36346100612921
153,200,200,175,1148.5223999443795,136.9267351935788
154,200,250,25,1128.2579261814176,82.89730738512881
155,200,250,50,1132.281856328584,91.37131618716549
156,200,250,75,1135.8568788486907,100.73996147187857
157,200,250,100,1144.0986094567302,110.03215314682669
158,200,250,125,1152.216374454984,122.98685203218632
159,200,250,150,1158.753556130814,134.5245206793469
160,200,250,175,1177.0046357342292,150.8399603889969
161,200,300,25,1179.2822779760602,82.94914060764876
162,200,300,50,1177.4386136382534,93.15306471674393
163,200,300,75,1179.5115593328348,105.83721155777997
164,200,300,100,1184.915599668574,121.08777493469178
165,200,300,125,1189.5311191583664,132.946879129422
166,200,300,150,1197.510571463279,147.16799882433358
167,200,300,175,1210.229835930307,163.8126471244237
168,200,350,25,1229.2111347824555,83.02027666782591
169,200,350,50,1230.2524211813595,92.05104500503894
170,200,350,75,1229.661368219438,106.65839868040463
171,200,350,100,1229.8715601227032,124.08997014941738
172,200,350,125,1237.0563352689398,139.88574305901406
173,200,350,150,1238.5442154238378,155.54146795305755
174,200,350,175,1248.895648566606,171.44112528476435
175,200,400,25,1278.0355127147207,82.72545601723606
176,200,400,50,1278.0023913595205,92.9118873162973
177,200,400,75,1280.531412657028,106.7964480231339
178,200,400,100,1280.2766315139493,125.24829958324169
179,200,400,125,1280.891664504264,145.60714368506862
180,200,400,150,1284.1671284527056,162.80688914800913
181,200,400,175,1289.9575771186558,181.32517314846862
182,200,450,25,1328.1507111527733,83.20723654389494
183,200,450,50,1328.62465662994,91.6286172919194
184,200,450,75,1330.7442839507796,107.9969273978401
185,200,450,100,1330.3834410212621,124.62923608566332
186,200,450,125,1330.050858673026,145.08662377311862
187,200,450,150,1336.6282154250605,167.07939377477018
188,200,450,175,1338.6282083367232,182.01296334520646
189,200,500,25,1377.6590803184195,82.94379806010225
190,200,500,50,1378.7127619375333,92.29024170504509
191,200,500,75,1382.2103595153656,106.2486337690046
192,200,500,100,1380.92762467049,124.00333928183777
193,200,500,125,1383.0590879250065,144.6817299928586
194,200,500,150,1381.7581052995833,168.5391055624395
195,200,500,175,1389.5669163119587,186.594025048112
196,250,200,25,1078.9362798828156,81.7499438477401
197,250,200,50,1081.6719622491305,84.8839396249106
198,250,200,75,1088.0895806709764,91.05584920892805
199,250,200,100,1097.1026323760361,99.93093915565487
200,250,200,125,1107.3204221884484,109.40914137462448
201,250,200,150,1123.6940493874868,118.98156872062236
202,250,200,175,1136.5002054607467,132.22301276597463
203,250,250,25,1108.3522504533614,92.88300241987338
204,250,250,50,1114.0371303830104,95.13970659251804
205,250,250,75,1120.7979263397376,102.89457811026486
206,250,250,100,1127.80621922247,112.10558989722752
207,250,250,125,1137.6751872026794,123.03465565387992
208,250,250,150,1151.9076810618296,131.54314692608483
209,250,250,175,1160.6928350370285,146.08197173835984
210,250,300,25,1154.0536167126531,97.12008320000535
211,250,300,50,1156.3985392469333,103.18491523458977
212,250,300,75,1160.1695572423446,110.0265916298559
213,250,300,100,1163.6889726091479,121.99816558784391
214,250,300,125,1173.861150276138,132.81159657396157
215,250,300,150,1182.933298192739,145.23926648084964
216,250,300,175,1196.1076646992194,157.45001151377937
217,250,350,25,1203.5782836572396,97.63292399158482
218,250,350,50,1204.2693541193687,105.14584815764776
219,250,350,75,1204.5854510036236,115.4890939471628
220,250,350,100,1209.090513799358,128.66069183934377
221,250,350,125,1212.5125147945716,143.5475535921385
222,250,350,150,1221.384868126096,156.35561717457358
223,250,350,175,1228.8326333873413,173.44127743244152
224,250,400,25,1253.9390630567445,97.1072572383818
225,250,400,50,1254.223781453839,105.10255866301887
226,250,400,75,1254.4731179946766,118.15970650389308
227,250,400,100,1257.2306624910607,130.5217785459656
228,250,400,125,1260.0060231500902,149.25828207549483
229,250,400,150,1263.0524166368782,164.85777598016637
230,250,400,175,1269.5159531013655,181.32496506990105
231,250,450,25,1303.4648571810574,98.21836167476695
232,250,450,50,1304.6090698022233,105.139509926079
233,250,450,75,1305.1651505713285,118.61901776685184
234,250,450,100,1308.4613390478785,133.00568023488765
235,250,450,125,1308.409297035947,148.65185267184938
236,250,450,150,1311.663856847486,171.26840879212455
237,250,450,175,1316.135502061826,184.87992679200883
238,250,500,25,1352.8076992651504,97.94663589706056
239,250,500,50,1353.674631551246,105.20719711944376
240,250,500,75,1354.648509471985,117.6540457487431
241,250,500,100,1358.3504918961564,132.5512957763409
242,250,500,125,1354.7266792073622,151.84049731847162
243,250,500,150,1360.7985467304418,168.56966316415244
244,250,500,175,1363.4791730018626,190.75727697879586
245,300,200,25,1079.29291103803,80.56775071923627
246,300,200,50,1080.3020692000327,85.04473446921763
247,300,200,75,1083.268867895664,91.52829260288642
248,300,200,100,1091.689690280262,99.0341919004112
249,300,200,125,1103.0149198668978,109.22019321917465
250,300,200,150,1116.6008250731527,117.72856891533613
251,300,200,175,1128.3669661858148,128.819635348848
252,300,250,25,1104.2212473763807,96.1404991534282
253,300,250,50,1104.5697267407545,98.940021953356
254,300,250,75,1110.1288251189067,104.04053816656099
255,300,250,100,1118.0098915566816,111.43897454085402
256,300,250,125,1129.2447511442329,121.70817394509045
257,300,250,150,1139.2698427874209,131.31078558111085
258,300,250,175,1153.832271027989,142.22412694610657
259,300,300,25,1132.4277440035225,109.70623643777701
260,300,300,50,1135.3151575972227,111.30521819551944
261,300,300,75,1141.1739378191742,115.55942738881208
262,300,300,100,1148.0919868838585,122.77486477752785
263,300,300,125,1159.5936911960127,133.0946586468103
264,300,300,150,1169.2359283143915,145.30274015712146
265,300,300,175,1180.2412071391914,154.42202274599163
266,300,350,25,1179.5265017358315,113.64930580498232
267,300,350,50,1182.1624952895531,116.34828545808544
268,300,350,75,1184.6467324423904,125.28854466205364
269,300,350,100,1188.99696034827,133.36932602039877
270,300,350,125,1198.0212815928878,142.18344308335952
271,300,350,150,1201.6435585316785,155.4191733599351
272,300,350,175,1216.9499827345214,166.6493249924354
273,300,400,25,1228.5593614252407,113.15318312128248
274,300,400,50,1229.1156135867525,117.97977227111386
275,300,400,75,1231.605723342888,127.35801207437723
276,300,400,100,1234.7624901707907,137.82499163509814
277,300,400,125,1237.5827030521125,153.72269135050814
278,300,400,150,1245.0746582520367,163.00983431355422
279,300,400,175,1252.7576627537305,180.0127828885944
280,300,450,25,1279.3272107648575,113.01169331038209
281,300,450,50,1279.4922881805635,118.46111655819703
282,300,450,75,1280.3989207870973,129.24220783060093
283,300,450,100,1279.9434282905804,143.43056425514084
284,300,450,125,1283.3529028593196,158.1866583560474
285,300,450,150,1289.6886780005755,172.06461490428939
286,300,450,175,1296.2222173800494,188.95812339963445
287,300,500,25,1329.834228827671,112.77051096818263
288,300,500,50,1328.6400028671499,118.69670409674605
289,300,500,75,1329.0883739645353,129.9043569570331
290,300,500,100,1333.7197905975306,143.45623753951259
291,300,500,125,1329.3324318443754,159.35916491973146
292,300,500,150,1339.9975366942988,177.58073922236827
293,300,500,175,1339.384461032639,193.2171812054068
